3.0253303200006485
0.19234993982882725
0.1516895615273998
0.13684750437026932
0.13508495191733041
0.12117614597082138
0.11835097752156712
0.10989680070252646
0.10657217726111412
0.10481438714833487
0.09873290076142266
0.10099568058337484
0.09698096538583438
0.09274282732180186
0.08922099055988449
0.08832313235671747
0.08536536530369804
0.08353637442702339
0.08004633399347465
0.08246917845237822
0.07750785545933814
0.07542755596694492
0.07263534782188279
0.07506761158860865
0.07305366741049857
0.07249645161486808
0.07094521971330756
0.06732578566741376
0.07149614934765157
0.06634552696985858
0.06748221610628423
0.06832846396026157
0.06491837180441334
0.0670452422151963
0.0613146595479477
0.0645613945311024
0.06224943865977582
0.060629183160407205
0.059844479496989934
0.0611221141935814
0.06014620823164781
0.06001247634135541
0.0596100672015122
0.05987178977756273
0.05856642464087123
0.05782932326907203
0.058403244375118187
0.055245792493224144
0.0600544609839008
0.05609725757191578
0.04997655401183736
0.05210447032004595
0.0493447445333004
0.04914568158398781
0.05203638432015266
0.048880921299791054
0.0484672108044227
0.04967272583217848
0.0475871590453954
0.04839807447223436
0.04799759376882797
0.04585407780749457
0.04663516904803969
0.04625930759080109
0.045074859190554845
0.04712324678188279
0.04515193917212032
0.04528290354868486
0.04515050444751978
0.04805370610916898
0.045077198916780095
0.045871390318054525
0.044048929919621775
0.04526035962182851
0.04284443622011514
0.04485706920691189
0.04373036677549992
0.04395777126774192
0.04488760836067654
0.047005216945849713
0.04223112320704829
0.04428567480118502
0.042603825218975544
0.04387094656981173
0.04229253286584502
0.042217971357916086
0.04238770503018584
0.04156255161034919
0.043611363729550726
0.04073303177331885
0.04199516229952375
0.04321174578563798
0.04169350787110272
0.042232356899018796
0.04149841979545142
0.040481375607972346
0.03942223930997508
0.04089236771687865
0.041584428444149946
0.04154116797837473
0.04347417843971579
0.041824290506719125
0.040614217785852294
0.0417739926793036
0.039408558824410043
0.04013286043135893
0.03967208029436214
0.040282218251377344
0.04187054575110475
0.03931152013440927
0.03883207283381905
0.04074623160773799
0.03877125393288831
0.038749361055947486
0.03946601776849656
0.03943154750214446
0.03799393336244282
0.038858371454158
0.03910470370291954
0.039815219828770274
0.038692514766894635
0.040541656636854724
0.04279555482346387
0.042191394560393836
0.039250785739915
0.037937420109907784
0.04018637083382124
0.038372422014141365
0.04221340308764151
0.041989704084006096
