2.9878439278829667
0.22219099281799226
0.18472291103431157
0.16279390986476625
0.14833668583915346
0.13486089646106675
0.12818093970417976
0.12362531235530264
0.11880855439674287
0.11847483721517381
0.11360740590663183
0.11160913446829432
0.10793347887340046
0.10712125932886488
0.10228598312962622
0.1009403465404397
0.09926119943459828
0.09533791935869626
0.09793136304333097
0.09214532534990992
0.09140273715768542
0.08849225033606802
0.0896753670559043
0.08835970610380173
0.08649448837552752
0.08377500313023727
0.08291185345678102
0.07952012307941914
0.08222298324108124
0.07807404175400734
0.07898536909903799
0.07634379634899753
0.07648813955131031
0.07644918463414624
0.0748898633534
0.07708793213324887
0.07496662562092145
0.07243909092531317
0.07777215717803865
0.073860177770257
0.07256179400497959
0.07390235302348931
0.07093963035870166
0.06863734037393615
0.07097739823872135
0.07050351949319952
0.06861501187086105
0.07163617706724576
0.0700946765996161
0.07032853373814196
0.06312552848387332
0.06447440472298435
0.06381434277586993
0.06405058525325287
0.0659833484373632
0.06218290435416358
0.06527865886510838
0.06040222800913311
0.0603751094479646
0.06147396799531721
0.060443200703178136
0.06313825030589387
0.061521890395808784
0.05893013098587593
0.05943223882821344
0.05981412563206894
0.058491652654040424
0.05757622658053324
0.05835110698604867
0.05828195340221837
0.057219569926105794
0.0572897790532027
0.0588782529036204
0.055477715762598176
0.05805299058556557
0.055121147605989664
0.05578117165714502
0.05407334952836945
0.05480758404536616
0.05757108785300737
0.05552162369713187
0.05641774607024023
0.05754250021917479
0.05574741154643042
0.05265296756156853
0.0554771458375312
0.057074016314886865
0.05382706300311145
0.05436446289310143
0.05364737380295992
0.05434142718357699
0.05184828782720225
0.054948806297034025
0.05366101178030173
0.055414785631000996
0.053185386228419486
0.054990966649105154
0.053368085551829564
0.053097768708886134
0.0534994659191441
0.05318114021793008
0.05327385012060404
0.05315448853763796
0.0519637549074278
0.05493586878514006
0.055158091199007775
0.053933772746296155
0.05391069308721593
0.05502118112608081
0.05599205752479888
0.05226901776733853
0.05288426857441664
0.05339614497054191
0.05387600196436757
0.05198779236525297
0.0511457963536183
0.053563505300276336
0.056139664502725714
0.05163717673470577
0.053563504169384636
0.05387996092793487
0.053373423693258135
0.05385921440929884
0.05062575132719108
0.05001972005924299
0.0527197873175499
0.05414654037338637
0.051549512116859354
0.052577989597228314
0.0521155825505654
