3.0394299434764043
0.1779653018429166
0.1420807923589434
0.13046425545499438
0.11754614380853516
0.11413537400464217
0.1110936626791954
0.10541515087797529
0.09708879196218081
0.09376499535781997
0.09079614352612268
0.09063817427626678
0.08692546827452523
0.08165498139957587
0.08047030458138102
0.08169945364906675
0.07875538998771281
0.0797932202085143
0.07885686787111419
0.07660482096530143
0.07195116056218034
0.07283860728854225
0.06730389816775209
0.07112761063589937
0.06619055657869294
0.06410742941356841
0.06757550225371406
0.06455357869466145
0.06295861685205073
0.06637228173868996
0.06386947738272804
0.06124777231542837
0.0648364910767192
0.06038793477983702
0.057942790555812064
0.058362383040643874
0.058764959108971414
0.0594040353205942
0.05824536200435389
0.05699998158074561
0.05389834221984659
0.058768985083415395
0.05804495664224738
0.054356735022295086
0.05317517037370375
0.05484401851537682
0.05320391599975881
0.05248443746850604
0.051687286368438175
0.051937980932139215
0.04748275798435012
0.04600260741565199
0.04661356054601215
0.0462329279232238
0.04566241216491021
0.04486803575197146
0.04524002188727969
0.043621043962914316
0.04343312941048117
0.04360593884207663
0.04571426812825458
0.04198049538813177
0.04076196641350786
0.043710553353386264
0.0418575658418593
0.04091295469108792
0.040380986917409156
0.040576589138557516
0.04032397789082357
0.04064880542102314
0.04039651290735319
0.04265318595848623
0.04068503027693147
0.03854062177595638
0.039776373388511796
0.04014412865840963
0.039963670973000784
0.03921464010186139
0.03994552192411253
0.03987717018684461
0.038866803515702486
0.04146391133378659
0.03929447932612328
0.03909969584838975
0.040372489020228386
0.03792142442294529
0.03868377253058411
0.03815051946522934
0.03882980621641591
0.03761735051825997
0.03768262185067648
0.038499443392668455
0.03711192881954568
0.03620201302692294
0.04047603900766089
0.03651123866438866
0.037457144708328304
0.0364281863107213
0.037090546917170286
0.036743381060659885
0.037808870896697044
0.037013682625478224
0.03586752382328823
0.037455261075159625
0.037054216112231926
0.03549557651526162
0.03627804775411884
0.03708988219676983
0.03491061454683188
0.03530381012353159
0.0374874097649895
0.036674053119939
0.03601868537121585
0.035918979916632884
0.03561393304594925
0.03485654893198183
0.03627215571967619
0.03536953069713144
0.03584865793319685
0.03637513700163081
0.036399941226201396
0.03609689992542068
0.03667192584613249
0.036823412004326074
0.037615669115136065
0.03550136960776789
0.03736654092513379
0.03569181576105101
0.035063242894553
0.03498948168098217
